   8.6     52      21600
  10.5     55       9000
   8.8     67      60600
  10.6     66      13200
   8.8     89      43200
  10.6     93      10200
  12.4     97       2400
   8.7    110      14400
  10.8    107       9600
  12.4    106       9600
   7.1    125       7200
   9.1    130       6000
  10.6    130       3000
  12.9    124       7800
   9.0    152      10200
  10.6    150       6600
  12.1    158        600
   9.2    169      10800
  10.8    168      13200
  12.1    161       1200
  14.2    162        600
   8.9    193      19200
  10.9    192      13800
  13.0    184       3600
  14.4    188       1800
  16.1    191        600
  19.3    181        600
   7.0    212     141000
   8.9    213      80400
  10.8    210      55200
  12.9    215       6000
  17.0    210       2400
   7.1    229     191400
   8.8    229     167400
  10.9    228      52200
  12.8    226      18600
  14.7    229       7800
  16.4    221        600
   8.9    249     148200
  10.9    250     132600
  12.8    250      29400
  14.5    249       6000
  16.5    249       2400
   8.9    269     117000
  10.8    267      69600
  12.7    266      27600
  14.8    268      10200
  16.6    264       4200
   8.7    286      28800
  10.8    282       6600
  12.8    283       1200
   8.5    309      18000
   8.6    323       6600
   8.4     73      15600
   8.8     90     102600
  10.1     87       2400
   8.7    108      42600
  10.4    117       3000
   8.9    131      29400
  10.6    128      16200
  12.0    128        600
   7.3    148      45600
   8.5    150      34800
  10.9    142       2400
   8.7    169       6000
   8.6    191      16800
  10.6    190       1800
   8.7    211      20400
  10.7    207       7800
  12.4    209        600
   8.7    227      34800
  10.7    227       3600
  12.4    223       1200
   8.9    252     121200
  10.4    254      24000
  12.0    257        600
   8.9    266      62400
  10.7    265      25800
  12.7    260        600
  14.3    267        600
   8.8    285      15600
  10.7    282       2400
   8.1    309       3000
   8.2    324       1800
   8.9     55       3000
  10.9     54        600
   8.5     70       3600
  10.2     76       1200
  12.2     72       1200
   8.7     92      34200
  10.1     85       4200
   8.4    103       7800
   9.0    212       5400
  10.2    216       1800
   8.6    238       4200
   8.8    255      73800
  10.3    257       5400
   8.7    264      81600
  10.4    261       7200
   8.5    292      12000
   8.2    304       4200
   8.3     57       9000
   8.9     62      12600
   8.8     85      15000
   8.4    111       9000
   7.2    158      17400
   8.7    156       6000
   7.1    160       6000
   8.8    161       4200
   7.1    210      28800
   8.6    209      10800
   8.8    232      25800
  10.8    236      10800
  12.3    238       2400
   8.8    252      42000
  11.0    252      30600
  12.6    246       1800
   8.9    268      61800
  10.6    265      37800
  12.7    268       3600
  15.9    262        600
   8.9    289      19200
  10.3    292       3600
  14.4    285        600
   8.7    307       4800
  10.1    302        600
   8.7    325       1800
   8.9     57      31800
  10.6     58      10800
   7.1     68     303000
   8.9     66     245400
  10.6     63      97200
   8.6     86      44400
  10.8     89      34200
  12.2     93       1200
   9.2    111      16200
  10.8    109      21000
  12.5    102       2400
   7.0    129      36600
   8.7    126      21600
   8.6    143       3000
   7.0    168      19800
   8.6    172       5400
  11.3    174       1800
  12.1    174       1800
   8.7    192      30600
  11.0    186       6000
   8.8    210      52200
  10.6    210       9000
  12.1    201        600
  14.3    200        600
   8.7    232      69000
  10.9    232      19800
  12.2    234       4800
   8.8    250      52200
  10.8    252      13200
  12.8    241       1800
   7.0    269      71400
   9.0    270      47400
  10.7    269      16800
  12.6    268       5400
  14.1    268       1200
   8.7    287      30600
  10.5    294       7800
  12.4    292       1800
   8.3    301       4200
  10.7    301        600
  12.3    302        600
   8.6     74      34200
  10.7     72       3000
  12.5     77       3600
   8.8     91     312600
  10.5     90      64800
  12.8     85       6600
  15.1     83       2400
   8.8    105     130800
  10.7    107      30000
  12.7    107       2400
   8.5    123      10200
   8.4    151       3000
   9.0    173       1800
   8.4    189       6000
   8.7    209       4800
   8.7    234       7800
  10.1    228       1200
   7.0    251     129600
   8.6    250      83400
  10.8    257       2400
   8.5    264      24600
  10.2    265       1800
   8.9    290       1800
   8.3    338        600
  10.3    329       1200
   8.4     31       1800
   7.3     46       5400
   9.2     49       3000
   8.5     69       6600
  10.3     68       3000
   8.6     91      36000
  10.4     87       1200
   8.3    106       9600
   8.3    237       4800
   8.7    253      91800
  10.5    257      19800
   8.7    264      61200
  10.6    263       9000
   8.4    291      20400
  10.7    298        600
   8.4    306       6000
  10.2    318       1200
   8.8    327       1200
   8.7     70       9600
   8.8     90      81000
  10.4     92      15600
   8.6    106      24600
  10.6    107       3600
   8.8    130      10800
  10.8    125       7800
   8.7    178       5400
   8.7    188      18000
  10.7    190      18600
  12.8    194      15000
  14.7    196       2400
   7.1    215      13800
   8.7    212      24600
  11.0    208      12600
  12.9    205      12000
  14.8    207       4800
  16.5    218        600
   8.5    230      10200
  10.3    225       1800
  12.7    231       1800
   8.6    250      42000
  11.0    250       8400
  12.8    250       3600
   8.9    270      32400
  10.8    273      21000
  12.9    268       3000
  14.4    261        600
   8.7    287      21000
  10.3    298        600
   8.8    306       7800
   8.1    324       1200
