   1.7    7.5    186   53568    25.0     0.00
   1.8    9.5    241   39744    25.0     0.00
   0.9   10.8    262  187488    25.0     0.00
   1.7   12.7    254   32832    25.0     0.00
   1.0    7.1    151   58752    25.0     0.00
   1.5    9.3    145   15984    25.0     0.00
   1.3    8.7    217   29376    25.0     0.00
   1.4    8.8    236   31104    25.0     0.00
   0.8    8.5    266  127008    25.0     0.00
   1.2   10.3    255   22896    25.0     0.00
   1.8   11.0    254    6048    25.0     0.00
   0.5    6.1    168   60048    25.0     0.00
   0.8    6.8    160   15120    25.0     0.00
   1.3    7.0    193    4320    25.0     0.00
   0.6    8.6    259   30240    25.0     0.00
   0.8    8.7    259   10800    25.0     0.00
   1.1    7.3    257    5184    25.0     0.00
   0.4    7.5    270   87264    25.0     0.00
   0.6    7.5    270   22896    25.0     0.00
   0.9    8.2    270    8640    25.0     0.00
   0.5    6.3    283   51840    25.0     0.00
   0.8    8.3    281   12528    25.0     0.00
   0.9    9.6    281    5184    25.0     0.00
   0.8    7.6    179   76032    25.0     0.00
   1.9    8.0    224    9072    25.0     0.00
   1.0   10.7    247   31104    25.0     0.00
   0.8   12.7    256   49248    25.0     0.00
   1.4   12.4    255   11664    25.0     0.00
   0.6    9.8    268  109728    25.0     0.00
   1.7   11.0    263    8640    25.0     0.00
   1.5    8.7    165   42768    25.0     0.00
   1.6    9.7    235   34560    25.0     0.00
   1.5   12.6    248   33264    25.0     0.00
   0.9   12.1    259  123552    25.0     0.00
   1.8   14.1    255   16848    25.0     0.00
   1.0    6.8    135   29808    25.0     0.00
   1.7    7.8    135    8640    25.0     0.00
   1.1    6.6    143   34128    25.0     0.00
   1.6    7.6    143    9504    25.0     0.00
   0.7    9.3    209   64800    25.0     0.00
   1.0    8.7    199   23760    25.0     0.00
   1.4    7.3    192   12528    25.0     0.00
   0.6   11.8    260   86832    25.0     0.00
   0.9   11.0    261   27216    25.0     0.00
   1.1   11.1    259   12960    25.0     0.00
   0.6    6.4    134   19008    25.0     0.00
   1.0    7.2    135    6048    25.0     0.00
   1.4    7.5    136    3600    18.0     0.00
   0.4    8.5    249   69552    25.0     0.00
   0.6    6.1    250   27648    25.0     0.00
   0.8    5.2    233   12960    25.0     0.00
   0.4    7.5    277   55728    25.0     0.00
   0.6    5.9    277   20736    25.0     0.00
   0.8    7.2    279    9072    25.0     0.00
   0.5    5.8    291   45792    25.0     0.00
   0.7    5.4    293   19440    25.0     0.00
   0.9    4.2    289    9072    25.0     0.00
   0.8    9.5    171   92016    25.0     0.00
   1.5    9.6    180   16848    25.0     0.00
   1.3   10.0    233   25920    25.0     0.00
   1.2   12.3    246   29376    25.0     0.00
   0.7   11.5    264  108000    25.0     0.00
   1.4   14.0    257   14688    25.0     0.00
