   2.9    9.3    219   58320     5.0     0.98
   4.0   10.0    220   23760     5.0     1.24
   2.1    9.1    233  142560     5.0    -0.94
   3.3   11.2    233   34560     5.0     1.26
   4.3   11.8    231   17280     5.0     0.47
   3.0   10.1    238   49680     5.0    -1.03
   3.9   11.3    242   23760     5.0    -0.52
   2.9   10.5    250   41040     5.0     0.23
   2.1    7.9    169   38880     5.0     0.54
   3.3   11.0    216   12960     5.0    -1.20
   5.1   12.0    226    4320     5.0     1.08
   2.9   11.1    236   15120     5.0     1.32
   4.4   12.5    232    4320     5.0     0.60
   2.3    9.7    229   19440     5.0     0.81
   2.2   15.1    247   17280     5.0    -0.53
   2.6   14.7    244   10800     5.0     0.60
   2.8   13.0    254   10800     5.0     0.53
   2.9   12.3    261    8640     5.0    -0.84
   2.5    8.6    181   60480     5.0     0.23
   2.9    9.3    198   38880     5.0    -0.91
   3.0   10.2    232   34560     5.0    -0.88
   3.7   11.3    232   17280     5.0    -0.58
   2.2   13.6    248   56160     5.0     1.05
   3.5   15.2    248   17280     5.0    -0.59
   3.4   15.0    254   15120     5.0     0.98
   2.7    9.2    137   10800     5.0    -0.50
   2.0    8.6    143   21600     5.0     0.82
   2.4    8.5    201   28080     5.0    -1.07
   3.0   10.7    234   17280     5.0    -0.66
   3.5   16.9    241    6480     5.0     1.26
   2.2   14.4    246   25920     5.0    -0.87
   3.0   13.6    244   10800     5.0     1.01
   2.4   11.5    256   21600     5.0     0.21
